000000000000000000000000000000000000000000000000000000000000000000000000000000000000000000000000000000000000000000000000
000000000000000000000000000000000000000000000000000000000000000000000000000000000000000000000000000000000000000000000000
000000000000000000000000000000000000000000000000000000000000000000000000000000000000000000000000000000000000000000000000
000000000000000000000000000000000000000000000000000000000000000000000000000000000000000000000000000000000000000000000000
000000000000000000000000000000000000000000000000000000000000000000000000000000000000000000000000000000000000000000000000
000000000000000000000000000000000000000000000000000000000000000000000000000000000000000000000000000000000000000000000000
000000000000000000000000000000000000000000000000000000000000000000000000000000000000000000000000000000000000000000000000
000000000000000000000000000000000000000000000000000000000000000000000000000000000000000000000000000000000000000000000000
000000000000000000000000000000000000000000000000000000000000000000000000000000000000000000000000000000000000000000000000
000000000000000000000000000000000000000000000000000000000000000000000000000000000000000000000000000000000000000000000000
000000000000000000000000000000000000000000000000000000000000000000000000000000000000000000000000000000000000000000000000
000000000000000000000000000000000000000000000000000000000000000000000000000000000000000000000000000000000000000000000000
000000000000000000000000000000000000000000000000000000000000000000000000000000000000000000000000000000000000000000000000
000000000000000000000000000000000000000000000000000000000000000000000000000000000000000000000000000000000000000000000000
000000000000000000000000000000000000000000000000000000000000000000000000000000000000000000000000000000000000000000000000
000000000000000000000000000000000000000000000000000000000000000000000000000000000000000000000000000000000000000000000000
000000005555555555555555555555550000000000000000000000000000000000000000000000000000000055555555555555555555555500000000
000000005000000000000000000000500000000000000000000000000000000000000000000000000000000005000000000000000000000500000000
000000005000000000000000000005000000000000000000000000000000000000000000000000000000000000500000000000000000000500000000
000000005000000000000000000050000000000000000000000000000000000000000000000000000000000000050000000000000000000500000000
000000005000000000000000000500000000000000000000000000000000000000000000000000000000000000005000000000000000000500000000
000000005000000000000000005000000000000000000000000000000000000000000000000000000000000000000500000000000000000500000000
000000005000000000000000050000000000000000000000000000000000000000000000000000000000000000000050000000000000000500000000
000000005000000000000000500000000000000000000000000000000000000000000000000000000000000000000005000000000000000500000000
000000005000000000000005000000000000000000000000000000000000000000000000000000000000000000000000500000000000000500000000
000000005000000000000050000000000000000000000000000000000000000000000000000000000000000000000000050000000000000500000000
000000005000000000000500000000000000000000000000000000000000000000000000000000000000000000000000005000000000000500000000
000000005000000000005000000000000000000000000000000000000000000000000000000000000000000000000000000500000000000500000000
000000005000000000050000000000000000000000000000000000000000000000000000000000000000000000000000000050000000000500000000
000000005000000000500000000000000000000000000000000000000000000000000000000000000000000000000000000005000000000500000000
000000005000000005000000000000000000000000000000000000000000000000000000000000000000000000000000000000500000000500000000
000000005000000050000000000000000000000000000000000000000000000000000000000000000000000000000000000000050000000500000000
000000005000000500000000000000000000000000000000000000000000000000000000000000000000000000000000000000005000000500000000
000000005000005000000000000000000000000000000000000000000000000000000000000000000000000000000000000000000500000500000000
000000005000050000000000000000000000000000000000000000000000000000000000000000000000000000000000000000000050000500000000
000000005000500000000000000000000000000000000000000000000000000000000000000000000000000000000000000000000005000500000000
000000005005000000000000000000000000000000000000000000000000000000000000000000000000000000000000000000000000500500000000
000000005050000000000000000000000000000000000000000000000000000000000000000000000000000000000000000000000000050500000000
000000005500000000000000000000000000000000000000000000000000000000000000000000000000000000000000000000000000005500000000
000000005000000000000000000000000000000000000000000000000000000000000000000000000000000000000000000000000000000500000000
000000000000000000000000000000000000000000000000000000000000000000000000000000000000000000000000000000000000000000000000
000000000000000000000000000000000000000000000000000000000000000000000000000000000000000000000000000000000000000000000000
000000000000000000000000000000000000000000000000000000000000000000000000000000000000000000000000000000000000000000000000
000000000000000000000000000000000000000000000000000000000000000000000000000000000000000000000000000000000000000000000000
000000005000000000000000000000000000000000000000000000000000000000000000000000000000000000000000000000000000000500000000
000000005500000000000000000000000000000000000000000000000000000000000000000000000000000000000000000000000000005500000000
000000005050000000000000000000000000000000000000000000000000000000000000000000000000000000000000000000000000050500000000
000000005005000000000000000000000000000000000000000000000000000000000000000000000000000000000000000000000000500500000000
000000005000500000000000000000000000000000000000000000000000000000000000000000000000000000000000000000000005000500000000
000000005000050000000000000000000000000000000000000000000000000000000000000000000000000000000000000000000050000500000000
000000005000005000000000000000000000000000000000000000000000000000000000000000000000000000000000000000000500000500000000
000000005000000500000000000000000000000000000000000000000000000000000000000000000000000000000000000000005000000500000000
000000005000000050000000000000000000000000000000000000000000000000000000000000000000000000000000000000050000000500000000
000000005000000005000000000000000000000000000000000000000000000000000000000000000000000000000000000000500000000500000000
000000005000000000500000000000000000000000000000000000000000000000000000000000000000000000000000000005000000000500000000
000000005000000000050000000000000000000000000000000000000000000000000000000000000000000000000000000050000000000500000000
000000005000000000005000000000000000000000000000000000000000000000000000000000000000000000000000000500000000000500000000
000000005000000000000500000000000000000000000000000000000000000000000000000000000000000000000000005000000000000500000000
000000005000000000000050000000000000000000000000000000000000000000000000000000000000000000000000050000000000000500000000
000000005000000000000005000000000000000000000000000000000000000000000000000000000000000000000000500000000000000500000000
000000005000000000000000500000000000000000000000000000000000000000000000000000000000000000000005000000000000000500000000
000000005000000000000000050000000000000000000000000000000000000000000000000000000000000000000050000000000000000500000000
000000005000000000000000005000000000000000000000000000000000000000000000000000000000000000000500000000000000000500000000
000000005000000000000000000500000000000000000000000000000000000000000000000000000000000000005000000000000000000500000000
000000005000000000000000000050000000000000000000000000000000000000000000000000000000000000050000000000000000000500000000
000000005000000000000000000005000000000000000000000000000000000000000000000000000000000000500000000000000000000500000000
000000005000000000000000000000500000000000000000000000000000000000000000000000000000000005000000000000000000000500000000
000000005555555555555555555555550000000000000000000000000000000000000000000000000000000055555555555555555555555500000000
000000000000000000000000000000000000000000000000000000000000000000000000000000000000000000000000000000000000000000000000
000000000000000000000000000000000000000000000000000000000000000000000000000000000000000000000000000000000000000000000000
000000000000000000000000000000000000000000000000000000000000000000000000000000000000000000000000000000000000000000000000
000000000000000000000000000000000000000000000000000000000000000000000000000000000000000000000000000000000000000000000000
000000000000000000000000000000000000000000000000000000000000000000000000000000000000000000000000000000000000000000000000
000000000000000000000000000000000000000000000000000000000000000000000000000000000000000000000000000000000000000000000000
000000000000000000000000000000000000000000000000000000000000000000000000000000000000000000000000000000000000000000000000
000000000000000000000000000000000000000000000000000000000000000000000000000000000000000000000000000000000000000000000000
000000000000000000000000000000000000000000000000000000000000000000000000000000000000000000000000000000000000000000000000
000000000000000000000000000000000000000000000000000000000000000000000000000000000000000000000000000000000000000000000000
000000000000000000000000000000000000000000000000000000000000000000000000000000000000000000000000000000000000000000000000
000000000000000000000000000000000000000000000000000000000000000000000000000000000000000000000000000000000000000000000000