000000000000000000000000000000000000000000000000000000000000000000000000000000000000000000000000000000000000000000000000
000000000000000000000000000000000000000000000000000000000000000000000000000000000000000000000000000000000000000000000000
000000000000000000000000000000000000000000000000000000000000000000000000000000000000000000000000000000000000000000000000
000000000000000000000000000000000000000000000000000000000000000000000000000000000000000000000000000000000000000000000000
000000000000000000000000000000000000000000000000000000000000000000000000000000000000000000000000000000000000000000000000
000000000000000000000000000000000000000000000000000000000000000000000000000000000000000000000000000000000000000000000000
000000000000000000000000000000000000000000000000000000000000000000000000000000000000000000000000000000000000000000000000
000000000000000000000000000000000000000000000000000000000000000000000000000000000000000000000000000000000000000000000000
000000000000000000000000000000000000000000000000000000000000000000000000000000000000000000000000000000000000000000000000
000000000000000000000000000000000000000000000000000000000000000000000000000000000000000000000000000000000000000000000000
000000000000000000000000000000000000000000000000000000000000000000000000000000000000000000000000000000000000000000000000
000000000000000000000000000000000000000000000000000000000000000000000000000000000000000000000000000000000000000000000000
000000000000000000000000000000000000000000000000000000000000000000000000000000000000000000000000000000000000000000000000
000000000000000000000000000000000000000000000000000000000000000000000000000000000000000000000000000000000000000000000000
000000000000000000000000000000000000000000000000000000000000000000000000000000000000000000000000000000000000000000000000
000000000000000000000000000000000000000000000000000000000000000000000000000000000000000000000000000000000000000000000000
000000005555555555555555555555555555555555555555555555555555555555555555555555555555555555555555555555555555555500000000
000000005000000000000000000000000000000000000000000000000000000000000000000000000000000000000000000000000000000500000000
000000005000000000000000000000000000000000000000000000000000000000000000000000000000000000000000000000000000000500000000
000000005000000000000000000000000000000000000000000000000000000000000000000000000000000000000000000000000000000500000000
000000005000000000000000000000000000000000000000000000000000000000000000000000000000000000000000000000000000000500000000
000000005000000000000000000000000000000000000000000000000000000000000000000000000000000000000000000000000000000500000000
000000005000000000000000000000000000000000000000000000000000000000000000000000000000000000000000000000000000000500000000
000000005000000000000000000000000000000000000000000000000000000000000000000000000000000000000000000000000000000500000000
000000005000000000000000000000000000000055555555555555555555555555555555555555550000000000000000000000000000000500000000
000000005000000000000000000000000000000000000000000000000000000000000000000000000000000000000000000000000000000500000000
000000005000000000000000000000000000000000000000000000000000000000000000000000000000000000000000000000000000000500000000
000000005000000000000000000000000000000000000000000000000000000000000000000000000000000000000000000000000000000500000000
000000005000000000005000000000000000000000000000000000000000000000000000000000000000000000000000000500000000000500000000
000000005000000000005000000000000000000000000000000000000000000000000000000000000000000000000000000500000000000500000000
000000005000000000005000000000000000000000000000000000000000000000000000000000000000000000000000000500000000000500000000
000000005000000000005000000000000000000000000000000000000000000000000000000000000000000000000000000500000000000500000000
000000000000000000005000000000000000000000000000000000000000000000000000000000000000000000000000000500000000000000000000
000000000000000000005000000000000000000000000000000000000000000000000000000000000000000000000000000500000000000000000000
000000000000000000005000000000000000000000000000000000000000000000000000000000000000000000000000000500000000000000000000
000000000000000000005000000000000000000000000000000000000000000000000000000000000000000000000000000500000000000000000000
000000000000000000005000000000000000000000000000000000000000000000000000000000000000000000000000000500000000000000000000
000000000000000000005000000000000000000000000000000000000000000000000000000000000000000000000000000500000000000000000000
000000000000000000005000000000000000000000000000000000000000000000000000000000000000000000000000000500000000000000000000
000000000000000000005000000000000000000000000000000000000000000000000000000000000000000000000000000500000000000000000000
000000000000000000005000000000000000000000000000000000000000000000000000000000000000000000000000000500000000000000000000
000000000000000000005000000000000000000000000000000000000000000000000000000000000000000000000000000500000000000000000000
000000000000000000005000000000000000000000000000000000000000000000000000000000000000000000000000000500000000000000000000
000000000000000000005000000000000000000000000000000000000000000000000000000000000000000000000000000500000000000000000000
000000000000000000005000000000000000000000000000000000000000000000000000000000000000000000000000000500000000000000000000
000000000000000000005000000000000000000000000000000000000000000000000000000000000000000000000000000500000000000000000000
000000000000000000005000000000000000000000000000000000000000000000000000000000000000000000000000000500000000000000000000
000000000000000000005000000000000000000000000000000000000000000000000000000000000000000000000000000500000000000000000000
000000000000000000005000000000000000000000000000000000000000000000000000000000000000000000000000000500000000000000000000
000000000000000000005000000000000000000000000000000000000000000000000000000000000000000000000000000500000000000000000000
000000000000000000005000000000000000000000000000000000000000000000000000000000000000000000000000000500000000000000000000
000000000000000000005000000000000000000000000000000000000000000000000000000000000000000000000000000500000000000000000000
000000000000000000005000000000000000000000000000000000000000000000000000000000000000000000000000000500000000000000000000
000000000000000000005000000000000000000000000000000000000000000000000000000000000000000000000000000500000000000000000000
000000000000000000005000000000000000000000000000000000000000000000000000000000000000000000000000000500000000000000000000
000000000000000000005000000000000000000000000000000000000000000000000000000000000000000000000000000500000000000000000000
000000005000000000005000000000000000000000000000000000000000000000000000000000000000000000000000000500000000000500000000
000000005000000000005000000000000000000000000000000000000000000000000000000000000000000000000000000500000000000500000000
000000005000000000005000000000000000000000000000000000000000000000000000000000000000000000000000000500000000000500000000
000000005000000000005000000000000000000000000000000000000000000000000000000000000000000000000000000500000000000500000000
000000005000000000000000000000000000000000000000000000000000000000000000000000000000000000000000000000000000000500000000
000000005000000000000000000000000000000000000000000000000000000000000000000000000000000000000000000000000000000500000000
000000005000000000000000000000000000000000000000000000000000000000000000000000000000000000000000000000000000000500000000
000000005000000000000000000000000000000055555555555555555555555555555555555555550000000000000000000000000000000500000000
000000005000000000000000000000000000000000000000000000000000000000000000000000000000000000000000000000000000000500000000
000000005000000000000000000000000000000000000000000000000000000000000000000000000000000000000000000000000000000500000000
000000005000000000000000000000000000000000000000000000000000000000000000000000000000000000000000000000000000000500000000
000000005000000000000000000000000000000000000000000000000000000000000000000000000000000000000000000000000000000500000000
000000005000000000000000000000000000000000000000000000000000000000000000000000000000000000000000000000000000000500000000
000000005000000000000000000000000000000000000000000000000000000000000000000000000000000000000000000000000000000500000000
000000005000000000000000000000000000000000000000000000000000000000000000000000000000000000000000000000000000000500000000
000000005555555555555555555555555555555555555555555555555555555555555555555555555555555555555555555555555555555500000000
000000000000000000000000000000000000000000000000000000000000000000000000000000000000000000000000000000000000000000000000
000000000000000000000000000000000000000000000000000000000000000000000000000000000000000000000000000000000000000000000000
000000000000000000000000000000000000000000000000000000000000000000000000000000000000000000000000000000000000000000000000
000000000000000000000000000000000000000000000000000000000000000000000000000000000000000000000000000000000000000000000000
000000000000000000000000000000000000000000000000000000000000000000000000000000000000000000000000000000000000000000000000
000000000000000000000000000000000000000000000000000000000000000000000000000000000000000000000000000000000000000000000000
000000000000000000000000000000000000000000000000000000000000000000000000000000000000000000000000000000000000000000000000
