005000000000000000000000000000000000000000000000000000000000000000000000000000000000000000000000000000000000000000000000
000000000000000000000000000000000000000000000000000000000000000000000000000000000000000000000000000000000000000000000000
000000000000000000000000000000000000000000000000000000000000000000000000000000000000000000000000000000000000000000000000
000000000000000000000000000000000000000000000000000000000000000000000000000000000000000000000000000000000000000000000000
000000000000000000000000000000000000000000000000000000000000000000000000000000000000000000000000000000000000000000000000
000000000000000000000000000000000000000000000000000000000000000000000000000000000000000000000000000000000000000000000000
000000000000000000000000000000000000000000000000000000000000000000000000000000000000000000000000000000000000000000000000
000000000000000000000000000000000000000000000000000000000000000000000000000000000000000000000000000000000000000000000000
000000000000000000000000000000000000000000000000000000000000000000000000000000000000000000000000000000000000000000000000
000000000000000000000000000000000000000000000000000000000000000000000000000000000000000000000000000000000000000000000000
000000000000000000000000000000000000000000000000000000000000000000000000000000000000000000000000000000000000000000000000
000000000000000000000000000000000000000000000000000000000000000000000000000000000000000000000000000000000000000000000000
000000000000000000000000000000000000000000000000000000000000000000000000000000000000000000000000000000000000000000000000
000000000000000000000000000000000000000000000000000000000000000000000000000000000000000000000000000000000000000000000000
000000000000000000000000000000000000000000000000000000000000000000000000000000000000000000000000000000000000000000000000
000000000000000000000000000000000000000000000000000000000000000000000000000000000000000000000000000000000000000000000000
000000000000000000000000000000000000000000000000000000000000000000000000000000000000000000000000000000000000000000000000
000000000000000000000000000000000000000000000000000000000000000000000000000000000000000000000000000000000000000000000000
000000000000000000000000000000000000000000000000000000000000000000000000000000000000000000000000000000000000000000000000
000000000000000000000000000000000000000000000000000000000000000000000000000000000000000000000000000000000000000000000000
000000000000000055555555555555550000000000000000000000000000000000000000000000000000000055555555555555550000000000000000
000000000000000050000000000000050000000000000000000000000000000000000000000000000000000050000000000000050000000000000000
000000000000000050000000000000050000000000000000000000000000000000000000000000000000000050000000000000050000000000000000
000000000000000050000000000000050000000000000000000000000000000000000000000000000000000050000000000000050000000000000000
000000000000000050000000000000050000000000000000000000000000000000000000000000000000000050000000000000050000000000000000
000000000000000050000000000000050000000000000000000000000000000000000000000000000000000050000000000000050000000000000000
000000000000000050000000000000050000000000000000000000000000000000000000000000000000000050000000000000050000000000000000
000000000000000050000000000000050000000000000000000000000000000000000000000000000000000050000000000000050000000000000000
000000000000000050000000000000050000000000000000000000000000000000000000000000000000000050000000000000050000000000000000
000000000000000050000000000000050000000000000000000000000000000000000000000000000000000050000000000000050000000000000000
000000000000000050000000000000050000000000000000000000000000000000000000000000000000000050000000000000050000000000000000
000000000000000050000000000000050000000000000000000000000000000000000000000000000000000050000000000000050000000000000000
000000000000000050000000000000050000000000000000000000000000000000000000000000000000000050000000000000050000000000000000
000000000000000050000000000000050000000000000000000000000000000000000000000000000000000050000000000000050000000000000000
000000000000000050000000000000050000000000000000000000000000000000000000000000000000000050000000000000050000000000000000
000000000000000055555555555555550000000000000000000000000000000000000000000000000000000055555555555555550000000000000000
000000000000000000000000000000000000000000000000000000000000000000000000000000000000000000000000000000000000000000000000
000000000000000000000000000000000000000000000000000000000000000000000000000000000000000000000000000000000000000000000000
000000000000000000000000000000000000000000000000000000000000000000000000000000000000000000000000000000000000000000000000
000000000000000000000000000000000000000000000000000000000000000000000000000000000000000000000000000000000000000000000000
000000000000000000000000000000000000000000000000000000000000000000000000000000000000000000000000000000000000000000000000
000000000000000000000000000000000000000000000000000000000000000000000000000000000000000000000000000000000000000000000000
000000000000000000000000000000000000000000000000000000000000000000000000000000000000000000000000000000000000000000000000
000000000000000000000000000000000000000000000000000000000000000000000000000000000000000000000000000000000000000000000000
000000000000000000000000000000000000000000000000000000000000000000000000000000000000000000000000000000000000000000000000
000000000000000000000000000000000000000000000000000000000000000000000000000000000000000000000000000000000000000000000000
000000000000000000000000000000000000000000000000000000000000000000000000000000000000000000000000000000000000000000000000
000000000000000000000000000000000000000000000000000000000000000000000000000000000000000000000000000000000000000000000000
000000000000000055555555555555550000000000000000000000000000000000000000000000000000000055555555555555550000000000000000
000000000000000050000000000000050000000000000000000000000000000000000000000000000000000050000000000000050000000000000000
000000000000000050000000000000050000000000000000000000000000000000000000000000000000000050000000000000050000000000000000
000000000000000050000000000000050000000000000000000000000000000000000000000000000000000050000000000000050000000000000000
000000000000000050000000000000050000000000000000000000000000000000000000000000000000000050000000000000050000000000000000
000000000000000050000000000000050000000000000000000000000000000000000000000000000000000050000000000000050000000000000000
000000000000000050000000000000050000000000000000000000000000000000000000000000000000000050000000000000050000000000000000
000000000000000050000000000000050000000000000000000000000000000000000000000000000000000050000000000000050000000000000000
000000000000000050000000000000050000000000000000000000000000000000000000000000000000000050000000000000050000000000000000
000000000000000050000000000000050000000000000000000000000000000000000000000000000000000050000000000000050000000000000000
000000000000000050000000000000050000000000000000000000000000000000000000000000000000000050000000000000050000000000000000
000000000000000050000000000000050000000000000000000000000000000000000000000000000000000050000000000000050000000000000000
000000000000000050000000000000050000000000000000000000000000000000000000000000000000000050000000000000050000000000000000
000000000000000050000000000000050000000000000000000000000000000000000000000000000000000050000000000000050000000000000000
000000000000000050000000000000050000000000000000000000000000000000000000000000000000000050000000000000050000000000000000
000000000000000055555555555555550000000000000000000000000000000000000000000000000000000055555555555555550000000000000000
000000000000000000000000000000000000000000000000000000000000000000000000000000000000000000000000000000000000000000000000
000000000000000000000000000000000000000000000000000000000000000000000000000000000000000000000000000000000000000000000000
000000000000000000000000000000000000000000000000000000000000000000000000000000000000000000000000000000000000000000000000
000000000000000000000000000000000000000000000000000000000000000000000000000000000000000000000000000000000000000000000000
000000000000000000000000000000000000000000000000000000000000000000000000000000000000000000000000000000000000000000000000
000000000000000000000000000000000000000000000000000000000000000000000000000000000000000000000000000000000000000000000000
000000000000000000000000000000000000000000000000000000000000000000000000000000000000000000000000000000000000000000000000
000000000000000000000000000000000000000000000000000000000000000000000000000000000000000000000000000000000000000000000000
000000000000000000000000000000000000000000000000000000000000000000000000000000000000000000000000000000000000000000000000
000000000000000000000000000000000000000000000000000000000000000000000000000000000000000000000000000000000000000000000000
000000000000000000000000000000000000000000000000000000000000000000000000000000000000000000000000000000000000000000000000
000000000000000000000000000000000000000000000000000000000000000000000000000000000000000000000000000000000000000000000000
000000000000000000000000000000000000000000000000000000000000000000000000000000000000000000000000000000000000000000000000
000000000000000000000000000000000000000000000000000000000000000000000000000000000000000000000000000000000000000000000000
000000000000000000000000000000000000000000000000000000000000000000000000000000000000000000000000000000000000000000000000
000000000000000000000000000000000000000000000000000000000000000000000000000000000000000000000000000000000000000000000000
